1 10967U 78064A   78179.42099995  .00010257  00000-0  00000-0 0    49
2 10967 108.0236 343.6148 0016257 261.4903  98.2270 14.31482220   207
1 10967U 78064A   78179.42099995  .00010257  00000-0  00000-0 0    49
2 10967 108.0236 343.6148 0016257 261.4903  98.2270 14.31482253   203
1 10967U 78064A   78185.43086619 -.00006038  00000-0  00000-0 0    50
2 10967 108.0206 355.9356 0016286 250.8637 109.1462 14.31470966  1063
1 10967U 78064A   78185.43086619 -.00006038  00000-0  00000-0 0    50
2 10967 108.0206 355.9356 0016286 250.8637 109.1462 14.31471001  1064
1 10967U 78064A   78187.03814047 -.00019406  00000-0  00000-0 0    66
2 10967 108.0200 359.2350 0016376 248.0822 111.9332 14.31456184  1291
1 10967U 78064A   78187.03814047 -.00019406  00000-0  00000-0 0    66
2 10967 108.0200 359.2350 0016376 248.0822 111.9332 14.31456217  1298
1 10967U 78064A   78188.29603069 -.00008433  00000-0  01542-3 0    79
2 10967 108.0205   1.8121 0016262 246.7597 113.4124 14.31471157  1473
1 10967U 78064A   78188.29603070 -.00008433  00000-0 -31542-2 0    74
2 10967 108.0205   1.8121 0016262 246.7597 113.4124 14.31471183  1472
1 10967U 78064A   78191.37083408 -.00001714  00000-0  00000-0 0    82
2 10967 108.0263   8.1128 0016187 241.8461 118.4765 14.31478180  1914
1 10967U 78064A   78191.37083409 -.00001714  00000-0  00000-0 0    83
2 10967 108.0263   8.1128 0016187 241.8461 118.4765 14.31478214  1912
1 10967U 78064A   78199.12766020  .00003615  00000-0  00000-0 0    93
2 10967 108.0205  24.0165 0016068 228.9569 131.4687 14.31487465  3029
1 10967U 78064A   78199.12766020  .00003615  00000-0  00000-0 0    93
2 10967 108.0205  24.0165 0016068 228.9569 131.4687 14.31487469  3023
1 10967U 78064A   78207.30346866  .00000006  00000-0  00000-0 0   108
2 10967 108.0251  40.7842 0015709 216.9527 142.1413 14.31486923  4192
1 10967U 78064A   78216.80743846  .00000082  00000-0  00000-0 0   117
2 10967 108.0246  60.2762 0015569 201.2292 158.8154 14.31490428  5556
1 10967U 78064A   78219.60267105  .00000075  00000-0  00000-0 0   120
2 10967 108.0241  66.0083 0015508 196.6481 163.4103 14.31489997  5950
1 10967U 78064A   78220.93040569  .00000071  00000-0  00000-0 0   138
2 10967 108.0238  68.7312 0015525 194.2379 165.8276 14.31490444  6147
1 10967U 78064A   78224.49432559  .00000064  00000-0  00000-0 0   151
2 10967 108.0237  76.0404 0015485 188.2531 171.8307 14.31491415  6655
1 10967U 78064A   78225.54253794  .00000062  00000-0  00000-0 0   169
2 10967 108.0238  78.1900 0015414 186.6625 173.4263 14.31489394  6807
1 10967U 78064A   78226.59074916  .00000060  00000-0  00000-0 0   171
2 10967 108.0242  80.3396 0015328 185.1344 174.9592 14.31490340  6952
1 10967U 78064A   78228.05824006  .00000222  00000-0  00000-0 0   188
2 10967 108.0251  83.3129 0014843 184.2087 175.8881 14.31492826  7160
1 10967U 78064A   78229.66549443  .00007207  00000-0  00000-0 0   196
2 10967 108.0235  86.6406 0013202 184.2146 178.6424 14.31832755  7398
1 10967U 78064A   78230.43346067  .00048111  00000-0  00000-0 0   201
2 10967 108.0163  88.2139 0013013 187.9747 172.1749 14.31903232  7507
1 10967U 78064A   78230.85260677  .00381695  00000-0  00000-0 0   217
2 10967 108.0179  89.0730 0007986 177.5773 183.1375 14.32440535  7562
1 10967U 78064A   78231.41108197  .00381695  00000-0  00000-0 0   229
2 10967 108.0188  90.2258 0010506 178.6014 180.7680 14.32434306  7643
1 10967U 78064A   78231.76036707 -.00001238  00000-0  00000-0 0   238
2 10967 108.0187  90.9389 0011669 181.3526 178.3689 14.32273431  7691
1 10967U 78064A   78232.87792048  .00002241  00000-0  00000-0 0   243
2 10967 108.0178  93.2345 0011520 180.2107 179.8982 14.32272127  7859
1 10967U 78064A   78233.57634301  .00002118  00000-0  00000-0 0   252
2 10967 108.0177  94.6687 0011462 178.7924 181.3197 14.32281306  7952
1 10967U 78064A   78233.85571476  .00001803  00000-0  00000-0 0   267
2 10967 108.0177  95.2419 0011440 178.2923 181.8209 14.32267685  7999
1 10967U 78064A   78234.55413684  .00001708  00000-0  00000-0 0   276
2 10967 108.0176  96.6754 0011439 176.9432 183.1732 14.32281806  8092
1 10967U 78064A   78235.53194746  .00001093  00000-0  00000-0 0   288
2 10967 108.0190  98.6836 0011294 172.8016 187.3239 14.32236555  8238
1 10967U 78064A   78237.55784556  .00000971  00000-0  00000-0 0   303
2 10967 108.0188 102.8423 0009775 175.6352 184.4826 14.31957392  8520
1 10967U 78064A   78237.90713672  .00000790  00000-0  00000-0 0   313
2 10967 108.0190 103.5586 0009648 174.5828 185.5369 14.31953582  8572
1 10967U 78064A   78238.95500845  .00000790  00000-0  00000-0 0   326
2 10967 108.0219 105.6962 0001457 278.2590  77.3469 14.29719006  8727
1 10967U 78064A   78239.93542321 -.00000312  00000-0  00000-0 0   332
2 10967 108.0212 107.7058 0001679 291.6449  68.4462 14.29717552  8860
1 10967U 78064A   78240.91496530 -.00000223  00000-0  00000-0 0   344
2 10967 108.0213 109.7094 0001844 281.4166  78.6717 14.29722890  9004
1 10967U 78064A   78241.96447121  .00008583  00000-0  00000-0 0   359
2 10967 108.0213 111.8574 0001846 279.6061  80.4786 14.29729051  9155
1 10967U 78064A   78242.94400903  .00009681  00000-0  00000-0 0   366
2 10967 108.0205 113.8606 0001728 263.3747  96.7147 14.29741970  9294
1 10967U 78064A   78243.64368989  .00010529  00000-0  00000-0 0   375
2 10967 108.0202 115.2907 0001734 256.5699 103.5198 14.29713352  9395
1 10967U 78064A   78244.90309970  .00010290  00000-0  00000-0 0   386
2 10967 108.0202 117.8660 0001616 255.5649 104.5263 14.29719123  9578
1 10967U 78064A   78245.95261138  .00010055  00000-0  00000-0 0   395
2 10967 108.0197 120.0110 0001547 256.4888 103.6030 14.29712323  9729
1 10967U 78064A   78246.93215223  .00010003  00000-0  00000-0 0   403
2 10967 108.0199 122.0133 0001548 256.5897 103.5021 14.29719971  9860
1 10967U 78064A   78247.91169539  .00009755  00000-0  00000-0 0   413
2 10967 108.0191 124.0153 0001458 257.2621 102.8306 14.29715903 10006
1 10967U 78064A   78248.89123094  .00009562  00000-0  00000-0 0   424
2 10967 108.0186 126.0177 0001334 257.1666 102.9275 14.29737212 10147
1 10967U 78064A   78249.87077734  .00009406  00000-0  00000-0 0   430
2 10967 108.0185 128.0204 0001249 256.4324 103.6627 14.29722332 10288
1 10967U 78064A   78250.50048265  .00009318  00000-0  00000-0 0   442
2 10967 108.0185 129.3076 0001305 261.6608  98.4335 14.29725118 10377
1 10967U 78064A   78250.92028805  .00009307  00000-0  00000-0 0   455
2 10967 108.0187 130.1659 0001320 260.1740  99.9201 14.29716018 10438
1 10967U 78064A   78251.89982639  .00009169  00000-0  00000-0 0   463
2 10967 108.0183 132.1684 0001227 258.1160 101.9793 14.29723184 10570
1 10967U 78064A   78252.52953233  .00009130  00000-0  00000-0 0   471
2 10967 108.0182 133.4556 0001231 260.2442  99.8509 14.29723841 10663
1 10967U 78064A   78253.01930481  .00009014  00000-0  00000-0 0   488
2 10967 108.0183 134.4569 0001248 261.8574  98.2375 14.29718641 10734
1 10967U 78064A   78253.50911465  .00008507  00000-0  00000-0 0   490
2 10967 108.0171 135.4559 0001123 260.1582  99.9382 14.29615563 10807
1 10967U 78064A   78253.85898673  .00008467  00000-0  00000-0 0   500
2 10967 108.0172 136.1711 0001124 258.6707 101.4256 14.29578593 10853
1 10967U 78064A   78254.83861245  .00008482  00000-0  00000-0 0   512
2 10967 108.0174 138.1737 0001057 254.4269 105.6705 14.29604107 10998
1 10967U 78064A   78255.46838016  .00008518  00000-0  00000-0 0   523
2 10967 108.0177 139.4616 0001038 252.4429 107.6547 14.29583256 11084
1 10967U 78064A   78256.51798192  .00008411  00000-0  00000-0 0   533
2 10967 108.0179 141.6074 0001086 254.1654 105.9317 14.29593757 11231
1 10967U 78064A   78257.56758600  .00007983  00000-0  00000-0 0   543
2 10967 108.0171 143.7502 0001061 265.1112  94.9857 14.29591740 11388
1 10967U 78064A   78258.61718927  .00008024  00000-0  00000-0 0   556
2 10967 108.0172 145.8957 0001068 263.4378  96.6590 14.29594384 11535
1 10967U 78064A   78259.52684590  .00007981  00000-0  00000-0 0   567
2 10967 108.0171 147.7549 0001036 262.4975  97.5997 14.29593602 11666
1 10967U 78064A   78260.50647506  .00007488  00000-0  00000-0 0   576
2 10967 108.0185 149.7596 0001330 267.8774  92.2164 14.29590988 11806
1 10967U 78064A   78261.90594177  .00007180  00000-0  00000-0 0   586
2 10967 108.0179 152.6195 0001321 259.7074 100.3867 14.29601243 12001
1 10967U 78064A   78262.60567982  .00007193  00000-0  00000-0 0   593
2 10967 108.0171 154.0484 0001336 263.3341  96.7597 14.29591812 12103
1 10967U 78064A   78262.88556940  .00007338  00000-0  00000-0 0   608
2 10967 108.0172 154.6208 0001356 260.5801  99.5136 14.29613415 12144
1 10967U 78064A   78263.51533688  .00007287  00000-0  00000-0 0   617
2 10967 108.0171 155.9081 0001406 269.1310  90.9619 14.29584225 12239
1 10967U 78064A   78264.49496378  .00007243  00000-0  00000-0 0   622
2 10967 108.0169 157.9101 0001463 266.3160  93.7763 14.29596353 12377
1 10967U 78064A   78265.89443216  .00006957  00000-0  00000-0 0   643
2 10967 108.0160 160.7697 0001392 254.4979 105.5957 14.29603805 12577
1 10967U 78064A   78266.52419149  .00007099  00000-0  00000-0 0   651
2 10967 108.0164 162.0579 0001264 247.4024 112.6932 14.29601453 12665
1 10967U 78064A   78266.87406150  .00007073  00000-0  00000-0 0   660
2 10967 108.0161 162.7731 0001247 245.3113 114.7848 14.29585916 12716
1 10967U 78064A   78267.85368850  .00006815  00000-0  00000-0 0   677
2 10967 108.0157 164.7742 0001231 244.3931 115.7032 14.29602710 12858
1 10967U 78064A   78268.06360715  .00002582  00000-0  00000-0 0   681
2 10967 108.0163 165.2007 0001217 244.0338 116.0568 14.29597094 12886
1 10967U 78064A   78268.97326280  .00002732  00000-0  00000-0 0   698
2 10967 108.0169 167.0613 0001244 246.4373 113.6587 14.29596478 13015
1 10967U 78064A   78269.25315565 -.00000076  00000-0  00000-0 0   706
2 10967 108.0131 167.6348 0001499 234.3402 125.7530 14.29592873 13057
1 10967U 78064A   78270.93251504 -.00000129  00000-0  00000-0 0   715
2 10967 108.0134 171.0687 0001620 236.5180 123.5755 14.29594576 13291
1 10967U 78064A   78271.84216868  .00000316  00000-0  00000-0 0   728
2 10967 108.0130 172.9274 0001621 234.9498 125.1609 14.29597090 13429
1 10967U 78064A   78272.89176449  .00000333  00000-0  00000-0 0   734
2 10967 108.0129 175.0719 0001616 232.8900 127.2043 14.29596885 13576
1 10967U 78064A   78274.01133408  .00000058  00000-0  00000-0 0   743
2 10967 108.0133 177.3580 0001712 230.6269 129.4670 14.29594015 13734
1 10967U 78064A   78274.57111526  .00000082  00000-0  00000-0 0   759
2 10967 108.0134 178.5024 0001656 229.4112 130.6835 14.29600116 13817
1 10967U 78064A   78275.90059948  .00000120  00000-0  00000-0 0   760
2 10967 108.0137 181.2194 0001684 229.7360 130.3583 14.29613606 14005
1 10967U 78064A   78276.60033342  .00000110  00000-0  00000-0 0   778
2 10967 108.0138 182.6496 0001795 232.5237 127.5690 14.29593937 14106
1 10967U 78064A   78276.88021966  .00000094  00000-0  00000-0 0   789
2 10967 108.0140 183.2217 0001778 233.3321 126.7606 14.29625990 14148
1 10967U 78064A   78278.27968269 -.00000615  00000-0  00000-0 0   803
2 10967 108.0135 186.0814 0001697 235.5805 124.5124 14.29600925 14341
1 10967U 78064A   78278.90943282 -.00000705  00000-0  00000-0 0   812
2 10967 108.0134 187.3683 0001656 234.7809 125.3126 14.29616105 14436
1 10967U 78064A   78279.88905445 -.00001102  00000-0  00000-0 0   822
2 10967 108.0120 189.3692 0001775 233.1593 126.9334 14.29613742 14575
1 10967U 78064A   78280.93864724 -.00001133  00000-0  00000-0 0   839
2 10967 108.0123 191.5137 0001791 230.9295 129.1636 14.29593233 14728
1 10967U 78064A   78281.56839829 -.00001193  00000-0  00000-0 0   844
2 10967 108.0119 192.8004 0001787 229.5675 130.5259 14.29613784 14812
1 10967U 78064A   78283.80752132  .00008468  00000-0  00000-0 0   856
2 10967 108.0154 197.3760 0001843 225.5711 134.5228 14.29623992 15138
